1010100 100011001110000010100000010000111011
1010011 100010000110010010000010001000000101
1010010 100001100000010010001110001001001010
1010010 100010111000000001101110000111010100
1010000 100010011110010010100000001010100110
1011100 100001100100010010101100000101000011
1001110 100010001110010010000110001000110111
1000011 100011001100000010001100001011000011
1011010 100010001010010010010000001100100111
1011011 100010000110010010001000001001100000
1011001 100011000000000010101010001001011111
1010111 100010110100000010101010000101011000
1010111 100001000100010001101010001011011001
0111100 100101000110010011101110000110111111
1001000 100110001110010010000100000101011111
1001000 100110110110000010100000000100101010
1000111 100101110000010010001100000110000000
1000110 100101110000010001100000001110001100
1000101 100110000010010011000000001001001001
1010000 100101111100010001110010001011010001
1010000 100110100100000010101000001000001100
1001111 100101100100010010000010000101001110
1001110 100101010110010011000000000110001100
1001110 100110011110010001110010001000111101
1001101 100110101010010010001000000101000010
1001100 100110010000010010001100000110000010
1001100 100110111100000010000010001011001110
0111001 100110010110010011010010011001011000
0101111 100110100110000010010010001011000111
1001010 100110011100010010001000000110000001
1001001 100101001000010010100110000101011100
0111011 101011000110000010101000000010001000
0011001 101011101000100001110010001000011010
0111010 101010101110000010101110000110010000
1000100 101010100010000010101010001000010110
0100101 101010010000010010100000001101011111
1000011 101010000000010010001010001000110000
1000011 101010111100000010000100001010001111
0100000 101010100100000010101110001000100000
0111111 101010100100000010001010000100011000
0111111 101010010110010010001110001000000110
0111001 101110100100000010001110000110110011
0111001 101110001010010010010000001100110100
0111001 101101011110000010100010001010001100
0110000 101101100110000010100010000101011101
0110000 101110010000000010001110000110000110
0110000 101111000000000010101000001000110101
0110000 101110000000010001100100000010110100
0101111 101110010010000010000100100010100110
0101111 101110001100000011000000001100000011
0101111 101110101110000001101011101100111010
0101111 101100111100000011000010000011010101
0101111 101110000000010010100000001000111111
0101110 101110110100000010100000001010101100
0111000 101110010000000001101110000110000010
0110111 101110011000000010000110001111100011
0110111 101110011010000010101110001011010001
0110101 101110101110000010101010100011000111
0010110 101101101100010010100110001010010111
0101001 101101111100000010000110000100100010
0110101 101111000000000010001000001010000111
0110101 101110111110000010100000010111100010
0110100 101111000000000010100000001001010101
0110100 101101110110010010001100010011010100
0110100 101101110100010001110010001000001000
0110100 101110011000000010101000001111010010
0110011 101110001110000010001110000110111101
0110011 101110101100000010001100001011000001
0110011 101101111010000011001000010000100011
0110010 101110001100000010001100001111000100
0110001 101111000000000010001010001001000100
0110001 101111101000000010100110001101100011
0110001 101110010100010010100100001100100000
0110001 101111000010000011001110001000101011
0110001 101101111010010010101110010010000111
0101101 110010101100000010000000000110000111
0100011 110010010010010010101110001000110001
0101101 110010000100000010001110000101000100
0100100 110010000100000010101000010010111000
0100100 110010001000010010100100001000010000
0100100 110001111110010010101110001000010011
0101100 110001111000010010010010001010001001
0101100 110010001010010010001110000111000010
0101100 110010010100010001101100000110000001
0101011 110010000110010011010010000110011100
0101011 110010100000000010010010001000010101
0101011 110010000100010011110000000101000010
0101011 110010100100000010101010001001010011
0101011 110001111110010010001000001110100111
0101011 110001001100010010101010000110010101
0001100 110010100000000010001010001111100000
0101010 110010100000000010000010010110110000
0101010 110010010000010011000000001011000100
0011101 110010000100010010100000001001001111
0101001 110010010110010011000010000100111011
0010011 110010001100010010001110001010001011
0101000 110001110100010010001100001000100011
0101000 110001110010010010101110001110111010
0000101 110010001100010010001010001001100011
0101000 110001100000000010101000000111011111
0100111 110010100110000010001010001000110100
0100111 110010110010000010100110010101001011
0000010 110010010110000011010000000100111001
0000101 110001100100010001100110001000000001
0100110 110010100000000010101000001101011101
0000010 110010111110000010000100101000000011
0100110 110010101110000010001010001010100001
0100110 110001111100000010100100001000001101
0100101 110010011000000010100100000110000110
0100101 110011000010000010101100001000001001
0100101 110010000010000010001000011101100001
0100101 110010110110000001101000010100000010
