2008.10.31	74	52.2	6.3	4.35
2008.10.31	84	103	5	8.59
2008.11.19	83	67.2	4.1	4.5
2008.12.19	82	48.2	4.7	4.74
2008.12.25	82	92	3.7	3.84
2008.12.3	80	79.2	5	5.38
2008.2.14	92	50.2	5.6	2.67
2008.2.23	78	71.2	4.3	4.55
2008.2.5	67	102	4.64	5.67
2008.4.17	90	69.2	4.8	6.39
2008.5.24	91	67.2	4.4	4.96
2008.5.29	89	96	5.5	4.95
2008.7.23	87	90	5.5	2.88
2008.7.4	87	34.2	3.5	5.89
2009.1.12	60	35.2	7.7	3.63
2009.10.15	72	71.2	4.2	2.95
2009.10.30	72	91	5	2.42
2009.11.2	71	56.2	4.6	3
2009.12.3	70	56.2	3	7.12
2009.2.21	69	65.2	6	4.73
2009.2.24	80	62.2	3.9	5.81
2009.2.3	80	82	5.4	4.12
2009.3.14	79	50.2	4.1	2.78
2009.4.21	78	43.2	6	3.12
2009.4.23	78	79.2	3.9	4.61
2009.5.13	77	85.2	4.4	2.66
2009.6.1	76	72.2	4.6	3.2
2009.6.11	76	94	4.1	5.78
2009.7.24	57	75.2	6.9	12.88
2009.7.30	47	83	4.9	5.71
2009.8.19	74	78.2	4.4	3.1
2009.9.7	73	36.2	5.3	2.92
2010.11.3	59	99	5.4	1.8
2010.12.2	25	116.4	3.98	4.26
2010.12.3	58	87	5.7	3.16
2010.2.26	68	81	5.5	4.22
2010.2.5	37	72.2	5	6.95
2010.3.10	67	64.2	4.5	4.48
2010.3.4	67	94	4.2	5.15
2010.4.15	32	82	5.7	4.32
2010.7.20	63	82	4.5	2.24
2010.7.23	63	75.2	4.7	4.06
2011.1.11	57	82	4.7	3.51
2011.1.18	57	69.2	4.86	6.52
2011.1.20	57	47	5.1	5.12
2011.10.10	48	51	5.1	2.93
2011.10.18	48	72	4.7	3.06
2011.10.21	48	96	5.45	4.53
2011.10.3	48	64.2	3.2	1.52
2011.11.14	47	73	4.2	17.38
2011.11.14	47	70	6	6.03
2011.11.19	47	87	3.5	54.58
2011.11.25	47	30	6.1	1.85
2011.11.5	47	64.2	5.08	4.63
2011.12.19	46	90	5	5.44
2011.2.18	56	72	3.7	3.02
2011.3.14	55	76	4.3	7.99
2011.3.29	55	77	5.7	5.81
2011.5.16	53	87	5.5	17.71
2011.5.17	22	54.2	5.35	5.23
2011.5.26	41	62	4.3	2.34
2011.5.5	53	96	4.4	5.07
2011.5.9	53	95	5	11.98
2011.6.13	52	96	5	4.85
2011.6.16	52	59.2	4.61	9.84
2011.6.24	52	58.2	3.9	4.8
2011.6.4	52	76	5.4	7.82
2011.7.15	51	71	4.7	3.61
2011.7.17	51	86	4.6	5.65
2011.7.22	51	61	6.4	8.35
2011.8.5	50	70	4.6	7.68
2011.9.13	49	96	4.5	4.68
2011.9.15	49	116	5.35	6.99
2011.9.20	49	74.2	5.28	6.32
2011.9.21	49	97	6.7	4.43
2011.9.7	49	61.2	5.7	9.07
2012.1.12	45	86	4	3.7
2012.1.16	35	73.2	5.7	4.49
2012.1.30	45	66	4.7	2.68
2012.10.19	36	66	5.4	9.56
2012.10.25	36	68.2	5.2	4.16
2012.10.6	36	63.2	5.7	4.19
2012.2.24	44	60.2	4.9	5.09
2012.2.27	44	69.2	4.7	3.66
2012.2.5	44	74.2	3.6	3.1
2012.3.15	43	67.2	6.9	3.28
2012.3.22	43	80	4.9	4.21
2012.3.25	43	66.2	7.8	2.66
2012.3.26	43	82	5.5	4.83
2012.3.29	43	63.2	4.4	7.39
2012.3.4	43	38.2	5.5	3.21
2012.4.11	12	80	4.5	7.96
2012.4.20	42	80	4.1	11.48
2012.4.4	42	72.2	6	5.68
2012.5.18	29	66.2	5	4.79
2012.5.24	41	75.2	6.1	2.59
2012.5.25	19	70.2	4.7	5.11
2012.6.26	40	58.2	4.6	4.35
2012.6.26	40	57.2	5.7	7.58
2012.6.6	5	70.2	4.5	4.99
2012.6.8	40	48	5.4	3.95
2012.7.10	39	83	4.5	4.52
2012.7.13	39	89	5.3	10.75
2012.7.7	2	75	6.8	2.57
2012.8.10	5	50.2	3.3	4.01
2012.8.13	38	80	5.4	6.93
2012.8.18	2	95	4.2	20.03
2012.8.20	38	87	4.5	5.33
2012.8.22	38	62	5.2	4.13
2012.9.15	37	76	5.2	3.06
2012.9.25	37	97	5.6	4.9
2012.9.29	37	65	4.4	14.97
2012.9.4	37	91	3.4	10.2

